1
23
75
127
132
141
142
183
262
319
336
414
425
434
453
473
500
501
504
544
573
579
602
612
625
658
684
691
730
743
744
750
817
822
870
874
881
885
896
914
950
971
994
1000
1054
1074
1103
1104
1116
1169
1199
1219
1235
1246
1313
1328
1377
1428
1484
1493
1545
1591
1602
1631
1662
1705
1707
1721
1898
1912
1932
1959
1988
1988
2047
2103
2133
2137
2182
2185
2256
2287
2334
2429
2460
2461
2506
2625
2630
2638
2687
2699
2759
2800
2887
2898
2997
3022
3075
3149
3183
3221
3262
3324
3326
3346
3360
3380
3488
3541
3628
3658
3660
3766
3792
3810
3810
3828
3899
3914
3915
4010
4038
4107
4239
4299
4317
4388
4440
4490
4564
4569
4573
4584
4638
4665
4666
4698
4712
4726
4734
4801
4804
4825
4834
4835
4848
4859
4867
4904
4909
4954
4967
4999
5060
5072
5105
5154
5160
5165
5213
5273
5357
5396
5413
5424
5482
5551
5561
5598
5609
5654
5679
5690
5708
5740
5756
5756
5759
5763
5767
5830
5847
5863
5885
5893
5897
5912
5930
5981
5985
5989
6004
6037
6060
6103
6113
6190
6191
6273
6309
6352
6363
6466
6471
6492
6551
6557
6628
6637
6649
6688
6793
6959
6964
6982
7001
7020
7026
7062
7086
7090
7100
7356
7361
7370
7399
7448
7449
7497
7503
7514
7554
7566
7574
7602
7610
7638
7641
7652
7654
7695
7705
7750
7764
7793
7804
7813
7832
7850
7850
7866
7868
7873
7889
7921
7945
7955
8049
8055
8056
8061
8109
8128
8136
8149
8219
8253
8272
8320
8340
8403
8482
8634
8645
8646
8647
8658
8664
8705
8744
8824
8826
8833
8837
8918
9018
9030
9037
9054
9062
9092
9102
9156
9159
9199
9276
9306
9332
9360
9364
9370
9475
9476
9489
9499
9645
9740
9771
9784
9818
9907
9909
9918
9927
9975
9977
10029
10051
10055
10062
10080
10125
10145
10187
10210
10229
10242
10305
10323
10363
10435
10465
10471
10547
10637
10659
10669
10679
10693
10699
10718
10732
10782
10875
10883
10890
10892
10910
10982
10986
10997
11057
11150
11180
11203
11209
11232
11336
11342
11347
11350
11401
11437
11442
11466
11470
11520
11555
11602
11608
11621
11643
11648
11661
11722
11742
11801
11802
11837
11873
11875
11879
11926
11954
11989
12081
12086
12101
12107
12119
12157
12180
12203
12208
12261
12293
12321
12559
12571
12576
12623
12647
12649
12678
12681
12824
12839
12866
12895
12903
12910
12916
12987
13040
13081
13105
13107
13116
13122
13140
13161
13168
13255
13276
13299
13332
13385
13385
13410
13412
13416
13422
13452
13463
13481
13517
13550
13566
13582
13604
13605
13646
13677
13697
13697
13723
13801
13889
13896
13928
13954
13983
13985
14052
14089
14091
14120
14143
14200
14245
14246
14332
14366
14367
14394
14397
14449
14449
14461
14470
14483
14488
14509
14523
14570
14580
14596
14596
14597
14698
14707
14708
14755
14832
14833
14847
14854
14883
14896
14929
14967
15035
15039
15078
15091
15144
15223
15226
15252
15329
15331
15343
15391
15451
15482
15498
15583
15597
15625
15755
15785
15821
15823
15868
15869
15871
15894
15900
15902
16102
16119
16138
16186
16278
16307
16309
16375
16411
16558
16583
16776
16864
16878
16885
16909
16922
16934
16936
17026
17089
17113
17127
17129
17281
17286
17296
17298
17334
17363
17399
17422
17424
17454
17493
17509
17513
17519
17664
17766
17779
17791
17831
17954
18016
18029
18049
18088
18114
18128
18179
18200
18227
18230
18274
18307
18310
18454
18481
18491
18529
18644
18687
18703
18764
18785
18797
18839
18873
18901
18960
18999
19011
19016
19091
19111
19151
19159
19209
19260
19277
19286
19293
19370
19375
19385
19443
19443
19487
19503
19559
19622
19629
19708
19718
19743
19771
19796
19843
19863
19873
19942
19976
19977
19986
20020
20024
20036
20046
20050
20064
20071
20099
20114
20192
20261
20267
20273
20289
20291
20325
20331
20335
20453
20466
20487
20491
20499
20510
20515
20554
20573
20582
20649
20684
20736
20754
20801
20854
21010
21011
21134
21270
21290
21313
21320
21370
21397
21433
21456
21544
21547
21608
21625
21655
21676
21698
21702
21712
21725
21788
21847
21853
21902
21941
21955
22033
22035
22071
22118
22151
22171
22210
22217
22261
22443
22458
22473
22502
22543
22617
22728
22750
22751
22795
22797
22801
22828
22856
22871
22977
22979
22993
23067
23072
23126
23141
23153
23157
23170
23199
23301
23413
23452
23511
23512
23554
23569
23583
23585
23597
23598
23617
23712
23714
23829
23845
23851
23855
23914
23918
23957
23985
23990
24011
24033
24039
24070
24115
24125
24175
24196
24223
24269
24274
24276
24281
24324
24365
24387
24600
24648
24691
24736
24798
24815
24823
24860
24878
24946
24985
25027
25033
25090
25154
25245
25281
25370
25431
25451
25457
25463
25473
25489
25540
25554
25662
25703
25741
25762
25806
25820
25832
25969
26099
26119
26144
26153
26184
26261
26281
26327
26336
26357
26369
26400
26439
26449
26462
26493
26496
26506
26563
26568
26603
26631
26675
26690
26716
26768
26773
26806
26839
26907
26955
27010
27037
27156
27252
27352
27361
27382
27395
27401
27462
27524
27550
27551
27595
27645
27653
27657
27674
27754
27803
27822
27852
27855
27909
27918
27923
27953
28013
28077
28090
28128
28149
28156
28188
28227
28279
28293
28307
28330
28448
28475
28501
28510
28518
28652
28688
28744
28756
28775
28801
28823
28830
28971
29058
29084
29086
29196
29202
29227
29234
29238
29271
29285
29306
29308
29320
29427
29500
29565
29636
29683
29686
29712
29732
29777
29853
29871
29889
29914
29930
30001
30064
30096
30134
30136
30147
30179
30260
30315
30324
30326
30374
30392
30419
30491
30501
30525
30537
30537
30538
30559
30668
30685
30685
30704
30713
30729
30734
30839
30855
30863
30885
30963
30989
31000
31030
31064
31078
31104
31118
31143
31260
31285
31423
31471
31518
31519
31530
31594
31675
31706
31710
31729
31742
31764
31770
31778
31778
31808
31845
31854
31859
31867
31890
31927
31966
31972
31981
31981
32057
32060
32063
32091
32109
32118
32162
32261
32263
32265
32289
32294
32322
32408
32457
32469
32477
32481
32558
32587
32614
32615
32645
32699
32709
32713
