16
20
60
118
143
161
169
245
262
287
315
401
431
443
665
750
759
808
850
851
895
1038
1070
1107
1122
1208
1220
1243
1260
1289
1320
1387
1443
1467
1499
1502
1517
1517
1633
1655
1688
1718
1798
1818
1849
1866
1866
1932
1945
1952
1955
1963
1974
2073
2122
2175
2201
2213
2218
2226
2273
2348
2355
2367
2391
2405
2420
2469
2509
2528
2555
2593
2612
2622
2642
2646
2670
2802
2803
2822
2841
2957
3073
3140
3149
3157
3260
3339
3346
3350
3361
3379
3387
3396
3408
3493
3503
3509
3526
3550
3570
3584
3619
3647
3654
3670
3671
3673
3708
3739
3748
3758
3897
3926
3954
4009
4032
4052
4077
4101
4179
4180
4212
4272
4276
4278
4283
4318
4346
4361
4361
4363
4378
4386
4459
4478
4611
4619
4688
4698
4723
4735
4770
4908
4929
4967
4976
5021
5023
5045
5061
5102
5120
5139
5140
5214
5255
5266
5286
5299
5318
5320
5321
5380
5395
5406
5430
5434
5454
5469
5484
5516
5518
5558
5559
5567
5594
5608
5619
5620
5625
5626
5637
5755
5774
5791
5821
5882
5911
5912
5915
5917
5938
5961
5964
5975
6004
6022
6052
6091
6098
6150
6193
6210
6221
6225
6262
6271
6335
6346
6410
6419
6460
6542
6547
6560
6623
6625
6704
6745
6753
6759
6826
6837
6858
6894
6963
7024
7242
7251
7252
7295
7295
7350
7402
7403
7419
7434
7519
7523
7548
7668
7670
7681
7696
7704
7707
7927
8081
8104
8135
8144
8146
8253
8255
8301
8331
8361
8401
8428
8435
8443
8540
8617
8636
8805
8845
8914
8967
9013
9028
9041
9047
9088
9090
9139
9165
9169
9189
9256
9270
9302
9306
9347
9355
9385
9401
9434
9451
9456
9459
9480
9515
9585
9655
9675
9683
9746
9751
9842
9851
9879
9924
9959
9973
10089
10191
10219
10289
10292
10301
10456
10521
10587
10634
10635
10705
10722
10745
10895
10915
10983
11025
11103
11144
11150
11193
11220
11231
11253
11261
11286
11304
11367
11378
11424
11603
11614
11644
11652
11713
11718
11741
11742
11743
11749
11790
11827
11829
11845
11908
11923
11944
11953
12019
12052
12131
12168
12282
12358
12388
12483
12537
12541
12589
12613
12673
12713
12809
12812
12871
12887
12926
12942
12963
12989
12993
13008
13023
13045
13048
13083
13112
13132
13142
13175
13208
13210
13224
13226
13271
13328
13340
13347
13361
13367
13567
13608
13703
13727
13786
13808
13826
13855
13862
13944
13966
13998
14040
14112
14125
14147
14246
14371
14380
14392
14398
14400
14404
14407
14475
14520
14579
14586
14588
14609
14661
14700
14757
14785
14810
14853
14875
14897
14907
14908
14949
14972
14982
15000
15012
15028
15044
15091
15093
15097
15119
15131
15195
15220
15227
15272
15301
15311
15382
15393
15452
15462
15479
15493
15516
15567
15586
15617
15618
15645
15718
15719
15725
15728
15734
15748
15754
15763
15910
15923
15954
15959
16061
16114
16119
16155
16193
16268
16273
16290
16337
16366
16368
16455
16498
16520
16578
16579
16644
16650
16669
16677
16684
16719
16723
16734
16758
16766
16769
16794
16804
16905
16933
16944
16959
16960
16972
17000
17008
17036
17049
17144
17167
17193
17248
17261
17310
17342
17412
17445
17457
17495
17519
17522
17567
17606
17635
17647
17653
17691
17747
17793
17803
17871
17885
17897
17905
17926
18007
18043
18089
18098
18217
18238
18257
18265
18291
18302
18321
18322
18324
18374
18375
18419
18426
18446
18486
18502
18506
18558
18558
18562
18577
18584
18611
18715
18722
18789
18792
18857
18909
18921
18960
18976
18978
18989
19005
19047
19063
19065
19077
19124
19202
19228
19416
19435
19513
19540
19564
19618
19628
19635
19641
19685
19706
19738
19823
19919
19922
19981
20033
20043
20052
20075
20090
20113
20154
20176
20187
20189
20202
20222
20233
20331
20340
20472
20479
20509
20550
20571
20578
20659
20668
20674
20707
20734
20771
20776
20816
20865
20872
20874
20888
20906
20975
21107
21117
21149
21214
21223
21236
21238
21252
21268
21271
21286
21300
21362
21377
21410
21416
21456
21457
21464
21519
21569
21633
21634
21636
21682
21695
21713
21729
21759
21763
21771
21797
21811
21821
21877
21884
21890
21916
21954
21992
22080
22131
22172
22183
22192
22235
22235
22278
22350
22366
22407
22445
22485
22493
22508
22509
22520
22523
22536
22604
22717
22753
22771
22779
22796
22824
22836
22859
22860
22899
22899
22957
22997
23023
23043
23051
23099
23125
23160
23221
23241
23262
23283
23297
23333
23344
23367
23370
23396
23409
23452
23477
23499
23547
23640
23649
23674
23687
23698
23824
23972
23981
24095
24213
24228
24301
24328
24335
24381
24407
24462
24579
24579
24594
24599
24606
24673
24698
24714
24716
24768
24778
24821
24882
24918
24930
24957
24977
25013
25038
25054
25082
25102
25119
25130
25211
25222
25237
25282
25290
25390
25397
25505
25575
25617
25645
25736
25790
25814
25839
25844
25907
25924
25948
25958
25991
26026
26041
26055
26078
26079
26146
26178
26186
26218
26246
26411
26422
26423
26494
26509
26533
26547
26568
26596
26616
26716
26795
26796
26814
26861
26881
27024
27064
27076
27079
27084
27116
27121
27122
27143
27157
27185
27217
27244
27301
27345
27403
27413
27451
27468
27492
27498
27502
27580
27591
27630
27632
27637
27641
27648
27686
27743
27755
27765
27793
27811
27855
27857
27888
27943
27945
27999
28023
28091
28172
28275
28289
28298
28307
28388
28413
28441
28445
28483
28521
28568
28592
28638
28768
28823
28830
28838
28858
28861
28869
28890
28890
28922
28937
28975
29000
29012
29014
29028
29066
29135
29143
29194
29237
29246
29272
29302
29317
29322
29356
29387
29392
29459
29577
29610
29632
29682
29683
29699
29708
29729
29733
29739
29806
29904
29948
29995
29999
30021
30067
30215
30336
30348
30355
30391
30491
30660
30672
30693
30751
30752
30757
30770
30826
30831
30840
30843
30884
30917
30918
30931
30954
30959
30969
30971
30993
31130
31223
31223
31253
31275
31281
31336
31426
31460
31550
31553
31573
31582
31623
31653
31655
31685
31741
31751
31819
31823
31825
31847
31979
32068
32069
32131
32144
32168
32173
32255
32262
32288
32297
32299
32317
32343
32343
32514
32551
32556
32587
32625
32635
32708
32747
32755
